 -4.94  1039755.18
 -4.89  953776.95
 -4.84  874074.10
 -4.73  718895.29
 -4.71  693432.09
 -4.33  338012.90
 -4.15  234701.23
 -4.09  207027.09
 -3.95  153242.63
 -3.68  82835.16
 -3.31  32641.51
 -3.26  28519.95
 -3.24  27003.27
 -3.19  23512.87
 -3.10  18207.97
 -3.02  14398.78
 -2.98  12767.64
 -2.97  12386.03
 -2.86  8796.42
 -2.83  7990.54
 -2.76  6353.61
 -2.72  5555.35
 -2.71  5369.32
 -2.70  5189.13
 -2.62  3926.60
 -2.43  1932.29
 -2.38  1582.87
 -2.25  916.75
 -2.20  734.08
 -2.19  701.31
 -2.07  396.27
 -1.97  235.82
 -1.96  224.12
 -1.95  210.94
 -1.85  118.73
 -1.84  112.30
 -1.61  21.57
 -1.60  20.02
 -1.49  6.37
 -1.48  5.82
 -1.36  1.21
 -1.33  1.91
 -1.14  2.10
 -1.04  2.56
 -1.01  3.11
 -0.87  4.72
 -0.85  3.83
 -0.82  4.47
 -0.75  4.89
 -0.61  4.55
 -0.36  5.13
 -0.35  5.73
 -0.22  6.26
 -0.05  6.36
 -0.02  7.45
 0.01  7.12
 0.04  6.82
 0.10  8.07
 0.14  8.83
 0.17  8.57
 0.26  10.25
 0.40  12.32
 0.44  12.41
 0.71  22.98
 0.87  37.72
 0.95  50.35
 0.96  51.95
 1.10  88.35
 1.17  118.61
 1.35  249.43
 1.42  333.44
 1.43  346.90
 1.56  587.48
 1.63  774.64
 1.74  1182.66
 2.13  4666.11
 2.17  5315.66
 2.24  6645.63
 2.29  7768.75
 2.33  8784.97
 2.35  9335.99
 2.41  11176.71
 2.83  35753.07
 2.87  39622.09
 2.99  53527.06
 3.13  75020.71
 3.30  111030.26
 3.32  116129.24
 3.36  126948.01
 3.73  277128.93
 3.90  387381.34
 3.92  402588.31
 4.24  727951.67
 4.29  795502.05
 4.38  931018.64
 4.39  947255.17
 4.57  1285104.17
 4.58  1306629.28
 4.76  1751944.98
 4.92  2254025.74